time	rna1	rna2	rna3	protein1	protein2	protein3
0	0	0	0	0	0	0
1	4.4928	0.0294	0.3514	1.7374	0.0064	0.085
2	7.917	0.1784	1.9768	5.4058	0.069	0.88
3	10.9668	0.4766	4.665	9.92	0.251	3.0374
4	13.5626	0.9358	7.5674	14.71	0.6178	6.3838
5	15.8346	1.499	10.0836	19.2086	1.1686	10.1622
6	17.8708	2.088	11.8904	23.3314	1.9106	13.9176
7	19.5456	2.711	12.852	26.7974	2.7634	17.108
8	21.0104	3.3352	13.0662	30.0504	3.7398	19.1738
9	22.285	3.9774	12.7236	32.9332	4.735	20.1762
10	23.3536	4.6044	12.0528	35.2166	5.874	20.466
11	24.264	5.2172	11.1436	37.3402	6.9384	20.0196
12	25.0854	5.7726	10.2208	38.9968	7.9264	18.9632
13	25.7372	6.2516	9.2958	40.6192	8.861	17.7452
14	26.362	6.7608	8.4288	41.9714	9.802	16.4032
15	26.8966	7.2004	7.6518	43.0062	10.6594	14.9604
16	27.327	7.5886	6.941	43.981	11.4234	13.6592
17	27.6808	7.9534	6.2878	44.824	12.1032	12.378
18	27.9562	8.2812	5.6864	45.5592	12.7526	11.2476
19	28.1978	8.5884	5.208	45.9464	13.3486	10.3084
20	28.4306	8.8372	4.7356	46.5246	13.804	9.407
21	28.717	9.0516	4.352	47.0836	14.2806	8.6012
22	28.8902	9.2576	3.9992	47.4802	14.7298	7.8474
23	29.082	9.4458	3.7112	47.771	15.115	7.1528
24	29.1928	9.6006	3.436	48.0194	15.462	6.6392
25	29.2978	9.74	3.2224	48.3922	15.8318	6.1324
26	29.3568	9.8922	3.0246	48.5958	16.086	5.7134
27	29.463	10.025	2.851	48.681	16.406	5.3116
28	29.5272	10.1252	2.7016	48.6574	16.637	5.0598
29	29.5782	10.193	2.51	48.7854	16.719	4.7282
30	29.5778	10.2698	2.4214	48.8958	16.872	4.4522
31	29.6684	10.3664	2.3148	49.0128	17.0372	4.1838
32	29.7268	10.471	2.2288	49.2024	17.293	4.0006
33	29.8048	10.5836	2.147	49.3758	17.4444	3.832
34	29.8474	10.629	2.078	49.479	17.5876	3.7054
35	29.8426	10.6476	1.9974	49.5702	17.6676	3.541
36	29.844	10.6966	1.9288	49.6786	17.6638	3.4204
37	29.952	10.7334	1.864	49.6742	17.7914	3.2652
38	29.927	10.7296	1.8116	49.6976	17.8072	3.1552
39	29.913	10.792	1.7648	49.5968	17.8974	3.0648
40	29.9722	10.8604	1.7316	49.468	18.011	2.9658
41	29.9808	10.8916	1.7162	49.585	18.0156	2.9594
42	29.9734	10.8966	1.7042	49.7224	18.0992	2.8904
43	29.9726	10.9308	1.6958	49.9096	18.062	2.8242
44	29.9638	10.9186	1.6806	49.8208	18.1056	2.8226
45	29.9216	10.9104	1.6792	49.8328	18.129	2.7966
46	29.9278	10.9506	1.672	49.9986	18.17	2.7904
47	30.0132	10.9904	1.666	50.1068	18.1782	2.8178
48	29.978	10.9938	1.6594	50.103	18.2368	2.8318
49	29.9764	10.9628	1.651	50.1206	18.2246	2.8124
50	29.962	10.9142	1.6444	49.9474	18.3402	2.8008
51	29.9436	10.9488	1.6582	49.9856	18.2578	2.7698
52	29.9972	10.9934	1.6522	49.9662	18.2968	2.779
53	30.0014	11.021	1.6088	49.9574	18.2816	2.7258
54	29.9846	10.9852	1.589	50.0746	18.351	2.6968
55	29.9994	10.9936	1.5698	50.1092	18.31	2.6744
56	30.0096	10.99	1.5752	49.9756	18.3892	2.6624
57	29.9986	11.0228	1.5666	50.0274	18.4404	2.6372
58	29.995	11.041	1.5482	49.9518	18.4194	2.6384
59	30.021	11.0266	1.5596	49.8444	18.4406	2.6372
60	30.0364	10.9904	1.5488	50.0386	18.3936	2.6042
61	30.056	10.9912	1.5256	49.9744	18.3702	2.5884
62	30.0456	10.9852	1.5008	50.0846	18.253	2.5884
63	30.0428	10.99	1.4882	50.008	18.3342	2.5712
64	29.9936	10.951	1.4648	50.0424	18.3156	2.5292
65	29.9652	10.9852	1.4666	49.9738	18.2716	2.4928
66	29.9958	10.9392	1.4752	49.7838	18.3734	2.4614
67	30.0584	10.955	1.4604	49.9964	18.2286	2.4516
68	30.0402	11.004	1.4774	49.909	18.2348	2.4506
69	30.0224	11.0418	1.4782	49.9044	18.3092	2.4468
70	30.0372	11.0506	1.4872	50.0248	18.4074	2.4648
71	30.094	11.0042	1.4742	50.0764	18.3808	2.4314
72	30.124	11.0406	1.4692	50.0562	18.4232	2.4342
73	30.1252	11.0472	1.4762	50.007	18.3472	2.4772
74	30.1456	11.0272	1.4592	50.043	18.2896	2.4534
75	30.1704	11.039	1.4572	50.0204	18.3476	2.4468
76	30.2184	11.04	1.4792	50.1132	18.3582	2.4618
77	30.2376	11.0466	1.4934	50.2878	18.311	2.4752
78	30.195	11.072	1.5066	50.0886	18.335	2.4796
79	30.1312	11.0972	1.5198	50.0724	18.3644	2.5056
80	30.1088	11.096	1.527	50.1102	18.4396	2.5
81	30.0332	11.0608	1.525	49.9548	18.4088	2.4958
82	30.0198	11.049	1.548	49.9792	18.363	2.5024
83	30.052	11.0452	1.5654	49.8594	18.4416	2.5434
84	30.0286	11.0776	1.5596	50.1296	18.4426	2.5588
85	30.0054	11.0718	1.5658	50.0664	18.5664	2.5976
86	30.037	11.0804	1.5842	49.9866	18.5752	2.616
87	30.0268	11.0858	1.5746	49.9694	18.533	2.5966
88	29.9612	11.0818	1.56	49.877	18.4226	2.5852
89	29.897	11.0406	1.551	49.992	18.3798	2.6084
90	29.865	11.007	1.539	49.9854	18.3356	2.609
91	29.875	10.9748	1.5084	49.8446	18.4098	2.5712
92	29.9434	10.9812	1.5368	49.8006	18.3814	2.5488
93	29.893	10.992	1.5438	49.6508	18.3772	2.5462
94	29.965	11.0272	1.5478	49.7786	18.3082	2.548
95	29.9496	11.0748	1.5356	49.9038	18.248	2.5268
96	29.9478	11.1322	1.5354	49.7318	18.3522	2.5316
97	29.9424	11.1326	1.5236	49.6376	18.4372	2.5248
98	29.9054	11.1344	1.544	49.7012	18.5526	2.5238
99	29.9306	11.1282	1.5528	49.844	18.5258	2.534
100	29.992	11.129	1.544	49.668	18.6432	2.529
101	30.012	11.131	1.554	49.7606	18.5974	2.573
102	30.0714	11.1358	1.5514	49.798	18.656	2.5874
103	29.9846	11.1236	1.5548	49.8404	18.6464	2.602
104	29.9932	11.0494	1.5436	49.841	18.5382	2.5962
105	29.9872	11.0764	1.548	49.8592	18.4708	2.5658
106	30.0054	11.0494	1.5514	49.8032	18.4446	2.5806
107	30.0244	11.062	1.5188	49.7348	18.433	2.5672
108	29.991	11.0506	1.5006	49.9324	18.463	2.5466
109	29.9904	11.0666	1.507	49.9742	18.4236	2.5318
110	30.0136	11.0494	1.5168	49.9062	18.4696	2.534
111	30.0108	11.0858	1.5102	49.9196	18.4886	2.5064
112	29.9922	11.0594	1.509	49.8898	18.4792	2.5214
113	29.9354	11.0802	1.5046	49.8482	18.4404	2.5016
114	29.9142	11.067	1.5232	49.8526	18.4574	2.5246
115	29.915	11.0884	1.5092	49.9572	18.3756	2.5488
116	29.9308	11.0834	1.5142	49.9256	18.4446	2.5164
117	29.9136	11.0812	1.51	49.7626	18.4336	2.509
118	29.912	11.0434	1.5098	49.8752	18.3856	2.5042
