step  Time    model_rna1        model_rna2        model_rna3        model_protein1        model_protein2        model_protein3        target_rna1        target_rna2        target_rna3        target_protein1        target_protein2        target_protein3        
0   0    0.000000   0.000000   0.000000   0.000000   0.000000   0.000000   0.000000   0.000000   0.000000   0.000000   0.000000   0.000000   
1   1    7.221000   6.237000   3.267000   4.411000   2.824000   1.111000   4.492800   0.029400   0.351400   1.737400   0.006400   0.085000   
2   2    12.423000   8.901000   8.408000   13.337000   6.970000   5.015000   7.917000   0.178400   1.976800   5.405800   0.069000   0.880000   
3   3    16.232000   10.134000   11.299000   21.775999   10.432000   8.370000   10.966800   0.476600   4.665000   9.920000   0.251000   3.037400   
4   4    19.072001   10.586000   13.080000   28.915001   12.699000   10.573000   13.562600   0.935800   7.567400   14.710000   0.617800   6.383800   
5   5    20.836000   10.699000   13.859000   33.979000   14.046000   11.793000   15.834600   1.499000   10.083600   19.208599   1.168600   10.162200   
6   6    22.292999   10.781000   14.108000   37.852001   14.709000   12.399000   17.870800   2.088000   11.890400   23.331400   1.910600   13.917600   
7   7    23.212999   10.796000   13.892000   40.563000   15.151000   12.407000   19.545601   2.711000   12.852000   26.797400   2.763400   17.108000   
8   8    23.941999   10.797000   13.477000   42.502998   15.403000   12.322000   21.010401   3.335200   13.066200   30.050400   3.739800   19.173800   
9   9    24.757999   10.966000   13.047000   43.901001   15.730000   11.811000   22.285000   3.977400   12.723600   32.933201   4.735000   20.176201   
10   10    24.979000   10.949000   12.403000   45.223000   15.835000   11.390000   23.353600   4.604400   12.052800   35.216599   5.874000   20.466000   
11   11    25.275000   10.908000   11.612000   46.205002   15.876000   10.552000   24.264000   5.217200   11.143600   37.340199   6.938400   20.019600   
12   12    25.382000   10.699000   11.130000   46.418999   15.472000   9.845000   25.085400   5.772600   10.220800   38.996799   7.926400   18.963200   
13   13    25.642000   10.718000   10.413000   46.919998   15.431000   9.728000   25.737200   6.251600   9.295800   40.619202   8.861000   17.745199   
14   14    26.032000   10.715000   9.914000   47.396999   15.378000   9.035000   26.362000   6.760800   8.428800   41.971401   9.802000   16.403200   
15   15    25.958000   10.880000   9.340000   47.493999   15.526000   8.661000   26.896601   7.200400   7.651800   43.006199   10.659400   14.960400   
16   16    25.771000   10.726000   8.946000   47.429001   15.614000   8.202000   27.327000   7.588600   6.941000   43.980999   11.423400   13.659200   
17   17    25.865999   10.614000   8.397000   47.818001   15.486000   7.643000   27.680799   7.953400   6.287800   44.824001   12.103200   12.378000   
18   18    25.739000   10.752000   7.872000   47.770000   15.443000   7.185000   27.956200   8.281200   5.686400   45.559200   12.752600   11.247600   
19   19    25.888000   10.829000   7.534000   47.889999   15.527000   6.808000   28.197800   8.588400   5.208000   45.946400   13.348600   10.308400   
20   20    25.972000   10.720000   7.224000   48.019001   15.532000   6.444000   28.430599   8.837200   4.735600   46.524601   13.804000   9.407000   
21   21    25.777000   10.678000   7.019000   47.602001   15.556000   6.349000   28.716999   9.051600   4.352000   47.083599   14.280600   8.601200   
22   22    25.687000   10.789000   6.615000   47.515999   15.554000   6.068000   28.890200   9.257600   3.999200   47.480202   14.729800   7.847400   
23   23    25.781000   10.704000   6.325000   47.394001   15.220000   5.826000   29.082001   9.445800   3.711200   47.771000   15.115000   7.152800   
24   24    25.849001   10.722000   6.154000   47.368999   15.465000   5.556000   29.192801   9.600600   3.436000   48.019402   15.462000   6.639200   
25   25    25.728001   10.944000   5.981000   47.157001   15.535000   5.367000   29.297800   9.740000   3.222400   48.392200   15.831800   6.132400   
26   26    25.681000   10.797000   5.732000   47.071999   15.679000   5.227000   29.356800   9.892200   3.024600   48.595798   16.086000   5.713400   
27   27    25.989000   10.792000   5.567000   47.466000   15.555000   5.192000   29.462999   10.025000   2.851000   48.681000   16.406000   5.311600   
28   28    25.940001   10.940000   5.331000   47.348999   15.612000   4.722000   29.527201   10.125200   2.701600   48.657398   16.636999   5.059800   
29   29    26.225000   10.824000   5.041000   48.033001   15.510000   4.545000   29.578199   10.193000   2.510000   48.785400   16.719000   4.728200   
30   30    26.171000   10.694000   4.900000   48.469002   15.454000   4.447000   29.577801   10.269800   2.421400   48.895802   16.872000   4.452200   
31   31    26.087999   10.784000   4.738000   47.956001   15.567000   4.275000   29.668400   10.366400   2.314800   49.012798   17.037201   4.183800   
32   32    25.931000   10.809000   4.531000   48.089001   15.582000   4.223000   29.726801   10.471000   2.228800   49.202400   17.292999   4.000600   
33   33    25.962000   10.713000   4.299000   48.122002   15.698000   3.988000   29.804800   10.583600   2.147000   49.375801   17.444401   3.832000   
34   34    26.042999   10.679000   4.170000   47.853001   15.737000   3.815000   29.847401   10.629000   2.078000   49.479000   17.587601   3.705400   
35   35    25.900999   10.689000   4.069000   47.893002   15.595000   3.729000   29.842600   10.647600   1.997400   49.570202   17.667601   3.541000   
36   36    25.915001   10.590000   3.997000   47.964001   15.531000   3.531000   29.844000   10.696600   1.928800   49.678600   17.663799   3.420400   
37   37    25.983000   10.644000   3.897000   48.016998   15.309000   3.547000   29.952000   10.733400   1.864000   49.674198   17.791401   3.265200   
38   38    26.040001   10.774000   3.768000   47.881001   15.646000   3.353000   29.927000   10.729600   1.811600   49.697601   17.807199   3.155200   
39   39    26.216000   10.652000   3.650000   47.883999   15.545000   3.321000   29.913000   10.792000   1.764800   49.596802   17.897400   3.064800   
40   40    26.075001   10.770000   3.480000   48.076000   15.448000   3.099000   29.972200   10.860400   1.731600   49.467999   18.011000   2.965800   
41   41    26.240999   10.847000   3.430000   48.347000   15.387000   3.094000   29.980801   10.891600   1.716200   49.584999   18.015600   2.959400   
42   42    26.153000   10.778000   3.447000   48.341999   15.457000   3.068000   29.973400   10.896600   1.704200   49.722401   18.099199   2.890400   
43   43    26.069000   10.874000   3.413000   47.998001   15.436000   3.055000   29.972601   10.930800   1.695800   49.909599   18.062000   2.824200   
44   44    25.938000   10.758000   3.281000   48.123001   15.621000   3.043000   29.963800   10.918600   1.680600   49.820801   18.105600   2.822600   
45   45    26.011000   10.806000   3.150000   48.007999   15.527000   2.887000   29.921600   10.910400   1.679200   49.832802   18.129000   2.796600   
46   46    26.028999   10.812000   3.093000   47.806999   15.533000   2.798000   29.927799   10.950600   1.672000   49.998600   18.170000   2.790400   
47   47    25.936001   10.814000   3.086000   48.035999   15.529000   2.786000   30.013201   10.990400   1.666000   50.106800   18.178200   2.817800   
48   48    26.018000   10.985000   3.070000   48.055000   15.604000   2.700000   29.978001   10.993800   1.659400   50.103001   18.236799   2.831800   
49   49    26.031000   10.801000   3.079000   48.098000   15.617000   2.707000   29.976400   10.962800   1.651000   50.120602   18.224600   2.812400   
50   50    26.007999   10.849000   3.065000   47.931999   15.678000   2.625000   29.962000   10.914200   1.644400   49.947399   18.340200   2.800800   
51   51    26.104000   10.809000   3.073000   48.188999   15.776000   2.655000   29.943600   10.948800   1.658200   49.985600   18.257799   2.769800   
52   52    26.263000   10.826000   3.107000   48.290001   15.767000   2.648000   29.997200   10.993400   1.652200   49.966202   18.296801   2.779000   
53   53    26.233000   10.631000   3.130000   48.285999   15.578000   2.571000   30.001400   11.021000   1.608800   49.957401   18.281601   2.725800   
54   54    26.201000   10.765000   3.169000   48.169998   15.511000   2.791000   29.984600   10.985200   1.589000   50.074600   18.351000   2.696800   
55   55    26.469000   10.749000   3.092000   48.222000   15.508000   2.591000   29.999399   10.993600   1.569800   50.109200   18.309999   2.674400   
56   56    26.318001   10.769000   3.093000   48.526001   15.687000   2.704000   30.009600   10.990000   1.575200   49.975601   18.389200   2.662400   
57   57    26.358999   10.694000   3.164000   48.459000   15.520000   2.766000   29.998600   11.022800   1.566600   50.027401   18.440399   2.637200   
58   58    26.257000   10.788000   3.160000   48.521999   15.468000   2.821000   29.995001   11.041000   1.548200   49.951801   18.419399   2.638400   
59   59    26.174000   10.609000   3.217000   48.616001   15.474000   2.869000   30.021000   11.026600   1.559600   49.844398   18.440599   2.637200   
60   60    26.016001   10.681000   3.259000   48.598999   15.588000   2.789000   30.036400   10.990400   1.548800   50.038601   18.393600   2.604200   
61   61    26.136999   10.674000   3.274000   48.040001   15.357000   2.890000   30.056000   10.991200   1.525600   49.974400   18.370199   2.588400   
62   62    26.165001   10.664000   3.263000   47.758999   15.208000   2.981000   30.045601   10.985200   1.500800   50.084599   18.253000   2.588400   
63   63    25.976999   10.650000   3.294000   47.923000   15.278000   2.863000   30.042801   10.990000   1.488200   50.007999   18.334200   2.571200   
64   64    25.857000   10.868000   3.187000   47.782001   15.486000   2.843000   29.993601   10.951000   1.464800   50.042400   18.315599   2.529200   
65   65    25.934999   10.792000   3.141000   47.966999   15.742000   2.862000   29.965200   10.985200   1.466600   49.973801   18.271601   2.492800   
66   66    26.045000   10.845000   3.093000   47.960999   15.626000   2.788000   29.995800   10.939200   1.475200   49.783798   18.373400   2.461400   
67   67    26.034000   10.823000   3.009000   47.796001   15.786000   2.666000   30.058399   10.955000   1.460400   49.996399   18.228600   2.451600   
68   68    25.975000   10.660000   2.927000   47.916000   15.400000   2.585000   30.040199   11.004000   1.477400   49.909000   18.234800   2.450600   
69   69    25.940001   10.758000   2.931000   47.673000   15.463000   2.588000   30.022400   11.041800   1.478200   49.904400   18.309200   2.446800   
70   70    25.906000   10.835000   2.887000   47.720001   15.580000   2.628000   30.037201   11.050600   1.487200   50.024799   18.407400   2.464800   
71   71    26.070000   10.838000   2.822000   47.919998   15.447000   2.579000   30.094000   11.004200   1.474200   50.076401   18.380800   2.431400   
72   72    26.169001   10.788000   2.824000   47.946999   15.576000   2.567000   30.124001   11.040600   1.469200   50.056198   18.423201   2.434200   
73   73    26.094000   10.815000   2.792000   47.886002   15.497000   2.473000   30.125200   11.047200   1.476200   50.007000   18.347200   2.477200   
74   74    26.141001   10.825000   2.732000   48.609001   15.484000   2.450000   30.145599   11.027200   1.459200   50.042999   18.289600   2.453400   
75   75    25.934999   10.793000   2.629000   48.226002   15.626000   2.364000   30.170401   11.039000   1.457200   50.020401   18.347601   2.446800   
76   76    26.072001   10.801000   2.703000   47.747002   15.574000   2.483000   30.218399   11.040000   1.479200   50.113201   18.358200   2.461800   
77   77    26.177000   10.862000   2.650000   47.957001   15.620000   2.377000   30.237600   11.046600   1.493400   50.287800   18.311001   2.475200   
78   78    26.239000   10.836000   2.670000   48.035000   15.879000   2.314000   30.195000   11.072000   1.506600   50.088600   18.334999   2.479600   
79   79    26.193001   10.929000   2.721000   48.075001   15.700000   2.458000   30.131201   11.097200   1.519800   50.072399   18.364401   2.505600   
80   80    26.169001   10.756000   2.722000   47.632000   15.632000   2.425000   30.108801   11.096000   1.527000   50.110199   18.439600   2.500000   
81   81    26.162001   10.815000   2.736000   47.944000   15.298000   2.434000   30.033199   11.060800   1.525000   49.954800   18.408800   2.495800   
82   82    26.084999   10.761000   2.736000   48.422001   15.548000   2.462000   30.019800   11.049000   1.548000   49.979198   18.363001   2.502400   
83   83    26.327999   10.730000   2.791000   48.375000   15.562000   2.391000   30.052000   11.045200   1.565400   49.859402   18.441601   2.543400   
84   84    26.231001   10.681000   2.855000   48.418999   15.581000   2.538000   30.028601   11.077600   1.559600   50.129601   18.442600   2.558800   
85   85    26.281000   10.796000   2.881000   48.210999   15.519000   2.512000   30.005400   11.071800   1.565800   50.066399   18.566401   2.597600   
86   86    26.121000   10.812000   2.876000   48.348999   15.522000   2.533000   30.037001   11.080400   1.584200   49.986599   18.575199   2.616000   
87   87    26.059000   10.872000   2.901000   48.126999   15.474000   2.548000   30.026800   11.085800   1.574600   49.969398   18.533001   2.596600   
88   88    26.170000   10.785000   2.806000   48.123001   15.610000   2.570000   29.961201   11.081800   1.560000   49.876999   18.422600   2.585200   
89   89    26.184999   10.535000   2.710000   48.299999   15.583000   2.470000   29.896999   11.040600   1.551000   49.992001   18.379801   2.608400   
90   90    26.118999   10.811000   2.778000   48.345001   15.485000   2.460000   29.865000   11.007000   1.539000   49.985401   18.335600   2.609000   
91   91    26.194000   11.000000   2.737000   48.617001   15.568000   2.469000   29.875000   10.974800   1.508400   49.844601   18.409800   2.571200   
92   92    26.072001   10.788000   2.809000   48.143002   15.866000   2.381000   29.943399   10.981200   1.536800   49.800598   18.381399   2.548800   
93   93    26.046000   10.688000   2.735000   48.160000   15.647000   2.377000   29.893000   10.992000   1.543800   49.650799   18.377199   2.546200   
94   94    26.021000   10.594000   2.714000   47.790001   15.482000   2.476000   29.965000   11.027200   1.547800   49.778599   18.308201   2.548000   
95   95    26.087999   10.731000   2.668000   47.673000   15.305000   2.417000   29.949600   11.074800   1.535600   49.903801   18.247999   2.526800   
96   96    26.193001   10.733000   2.605000   47.994999   15.344000   2.325000   29.947800   11.132200   1.535400   49.731800   18.352200   2.531600   
97   97    26.212999   10.815000   2.629000   47.995998   15.426000   2.336000   29.942400   11.132600   1.523600   49.637600   18.437201   2.524800   
98   98    26.047001   10.580000   2.665000   48.229000   15.658000   2.289000   29.905399   11.134400   1.544000   49.701199   18.552601   2.523800   
99   99    26.198999   10.880000   2.653000   48.051998   15.483000   2.354000   29.930599   11.128200   1.552800   49.844002   18.525801   2.534000   
100   100    26.044001   10.788000   2.691000   47.894001   15.689000   2.407000   29.992001   11.129000   1.544000   49.667999   18.643200   2.529000   
101   101    26.018000   10.914000   2.703000   48.009998   15.800000   2.339000   30.011999   11.131000   1.554000   49.760601   18.597401   2.573000   
102   102    25.968000   10.650000   2.797000   47.993000   15.670000   2.426000   30.071400   11.135800   1.551400   49.798000   18.656000   2.587400   
103   103    26.010000   10.725000   2.829000   47.820000   15.616000   2.511000   29.984600   11.123600   1.554800   49.840401   18.646400   2.602000   
104   104    26.238001   10.874000   2.822000   48.165001   15.625000   2.564000   29.993200   11.049400   1.543600   49.841000   18.538200   2.596200   
105   105    26.031000   10.873000   2.870000   48.209999   15.538000   2.501000   29.987200   11.076400   1.548000   49.859200   18.470800   2.565800   
106   106    26.216999   10.715000   2.910000   48.292999   15.532000   2.603000   30.005400   11.049400   1.551400   49.803200   18.444599   2.580600   
107   107    25.958000   10.747000   2.992000   48.076000   15.450000   2.654000   30.024401   11.062000   1.518800   49.734798   18.433001   2.567200   
108   108    26.107000   10.724000   2.984000   47.835999   15.642000   2.690000   29.990999   11.050600   1.500600   49.932400   18.462999   2.546600   
109   109    26.063999   10.802000   3.034000   47.900002   15.566000   2.665000   29.990400   11.066600   1.507000   49.974201   18.423599   2.531800   
110   110    25.997000   10.732000   3.070000   47.877998   15.453000   2.724000   30.013599   11.049400   1.516800   49.906200   18.469601   2.534000   
111   111    26.091000   10.771000   3.006000   48.185001   15.712000   2.668000   30.010799   11.085800   1.510200   49.919601   18.488600   2.506400   
112   112    26.132999   10.785000   2.922000   48.084999   15.429000   2.575000   29.992201   11.059400   1.509000   49.889801   18.479200   2.521400   
113   113    25.996000   10.705000   2.995000   48.185001   15.556000   2.610000   29.935400   11.080200   1.504600   49.848202   18.440399   2.501600   
114   114    26.028000   10.810000   3.079000   48.105000   15.582000   2.732000   29.914200   11.067000   1.523200   49.852600   18.457399   2.524600   
115   115    25.802000   10.718000   3.126000   47.790001   15.511000   2.720000   29.915001   11.088400   1.509200   49.957199   18.375601   2.548800   
116   116    25.840000   10.864000   3.088000   47.612000   15.497000   2.805000   29.930799   11.083400   1.514200   49.925598   18.444599   2.516400   
117   117    25.988001   10.822000   3.197000   47.245998   15.659000   2.776000   29.913601   11.081200   1.510000   49.762600   18.433599   2.509000   
118   118    26.062000   10.649000   3.280000   47.688000   15.413000   2.904000   29.912001   11.043400   1.509800   49.875198   18.385599   2.504200   
