time rna1_[0,0]_mean rna1_[0,0]_sd rna1_[0,0]_ci rna2_[0,0]_mean rna2_[0,0]_sd rna2_[0,0]_ci rna3_[0,0]_mean rna3_[0,0]_sd rna3_[0,0]_ci protein1_[0,0]_mean protein1_[0,0]_sd protein1_[0,0]_ci protein2_[0,0]_mean protein2_[0,0]_sd protein2_[0,0]_ci protein3_[0,0]_mean protein3_[0,0]_sd protein3_[0,0]_ci
0.000000 0.000000 0.000000 0.000000 0.000000 0.000000 0.000000 0.000000 0.000000 0.000000 0.000000 0.000000 0.000000 0.000000 0.000000 0.000000 0.000000 0.000000 0.000000
1.000000 7.221000 2.778467 0.172417 6.237000 2.593754 0.160955 3.267000 2.322306 0.144110 4.411000 3.045547 0.188990 2.824000 2.047735 0.127072 1.111000 1.427837 0.088604
2.000000 12.423000 3.605700 0.223751 8.901000 3.016670 0.187199 8.408000 3.243464 0.201272 13.337000 5.408945 0.335650 6.970000 3.263089 0.202490 5.015000 2.965733 0.184038
3.000000 16.232000 4.045063 0.251015 10.134000 3.130150 0.194241 11.299000 4.301407 0.266922 21.776000 7.151851 0.443806 10.432000 4.169504 0.258737 8.370000 4.025581 0.249806
4.000000 19.072000 4.380640 0.271839 10.586000 3.302046 0.204907 13.080000 5.298648 0.328806 28.915000 8.100333 0.502664 12.699000 4.522926 0.280669 10.573000 5.007569 0.310743
5.000000 20.836000 4.631042 0.287378 10.699000 3.224717 0.200109 13.859000 6.088365 0.377812 33.979000 9.244567 0.573669 14.046000 4.676939 0.290226 11.793000 5.669594 0.351825
6.000000 22.293000 4.832443 0.299876 10.781000 3.256938 0.202108 14.108000 6.917093 0.429238 37.852000 9.621885 0.597083 14.709000 4.740970 0.294199 12.399000 6.487055 0.402552
7.000000 23.213000 5.003865 0.310513 10.796000 3.147744 0.195332 13.892000 7.622364 0.473003 40.563000 9.883001 0.613287 15.151000 4.855695 0.301319 12.407000 7.111394 0.441295
8.000000 23.942000 4.871588 0.302305 10.797000 3.246279 0.201447 13.477000 8.043642 0.499146 42.503000 10.203141 0.633153 15.403000 4.996554 0.310060 12.322000 7.814050 0.484898
9.000000 24.758000 5.017231 0.311343 10.966000 3.366032 0.208878 13.047000 8.430413 0.523147 43.901000 9.936596 0.616612 15.730000 5.056151 0.313758 11.811000 7.878029 0.488869
10.000000 24.979000 4.980498 0.309063 10.949000 3.419370 0.212188 12.403000 8.799205 0.546032 45.223000 10.284505 0.638202 15.835000 5.075582 0.314964 11.390000 8.115156 0.503583
11.000000 25.275000 5.059147 0.313944 10.908000 3.273263 0.203121 11.612000 8.888107 0.551549 46.205000 10.251052 0.636126 15.876000 5.402945 0.335278 10.552000 8.219176 0.510038
12.000000 25.382000 5.110009 0.317100 10.699000 3.356138 0.208264 11.130000 9.224760 0.572440 46.419000 10.443204 0.648050 15.472000 5.018406 0.311416 9.845000 8.290338 0.514454
13.000000 25.642000 4.964119 0.308047 10.718000 3.360918 0.208561 10.413000 9.195270 0.570610 46.920000 10.383517 0.644346 15.431000 4.947496 0.307015 9.728000 8.757094 0.543419
14.000000 26.032000 4.969877 0.308404 10.715000 3.303436 0.204994 9.914000 9.304901 0.577413 47.397000 10.082115 0.625642 15.378000 5.009812 0.310882 9.035000 8.635412 0.535868
15.000000 25.958000 5.021698 0.311620 10.880000 3.271743 0.203027 9.340000 9.276770 0.575667 47.494000 10.110004 0.627373 15.526000 4.922962 0.305493 8.661000 8.793486 0.545677
16.000000 25.771000 5.132729 0.318510 10.726000 3.234406 0.200710 8.946000 9.370640 0.581492 47.429000 10.419094 0.646554 15.614000 4.972296 0.308554 8.202000 8.730144 0.541746
17.000000 25.866000 5.033824 0.312372 10.614000 3.220462 0.199845 8.397000 9.201634 0.571004 47.818000 10.302768 0.639335 15.486000 4.970564 0.308447 7.643000 8.466950 0.525414
18.000000 25.739000 5.183024 0.321631 10.752000 3.190404 0.197979 7.872000 9.127263 0.566389 47.770000 10.718581 0.665138 15.443000 5.151630 0.319683 7.185000 8.471750 0.525712
19.000000 25.888000 5.182501 0.321598 10.829000 3.330894 0.206698 7.534000 9.104490 0.564976 47.890000 10.577986 0.656414 15.527000 5.146431 0.319360 6.808000 8.315063 0.515989
20.000000 25.972000 5.255934 0.326155 10.720000 3.167275 0.196544 7.224000 9.088367 0.563976 48.019000 10.694625 0.663652 15.532000 5.035507 0.312477 6.444000 8.223898 0.510331
21.000000 25.777000 5.145459 0.319300 10.678000 3.125073 0.193925 7.019000 9.046905 0.561403 47.602000 10.461216 0.649167 15.556000 4.981333 0.309115 6.349000 8.402130 0.521392
22.000000 25.687000 5.177242 0.321272 10.789000 3.364788 0.208801 6.615000 8.781793 0.544951 47.516000 10.679597 0.662719 15.554000 4.964850 0.308092 6.068000 8.189166 0.508176
23.000000 25.781000 5.004006 0.310522 10.704000 3.253147 0.201873 6.325000 8.680018 0.538636 47.394000 10.245083 0.635755 15.220000 4.914851 0.304990 5.826000 8.168258 0.506879
24.000000 25.849000 4.895525 0.303790 10.722000 3.296905 0.204588 6.154000 8.680993 0.538696 47.369000 10.510057 0.652198 15.465000 4.931845 0.306044 5.556000 8.090632 0.502062
25.000000 25.728000 5.156026 0.319956 10.944000 3.351133 0.207954 5.981000 8.746493 0.542761 47.157000 10.512415 0.652345 15.535000 5.101843 0.316593 5.367000 7.959753 0.493940
26.000000 25.681000 4.970306 0.308431 10.797000 3.278497 0.203446 5.732000 8.642040 0.536279 47.072000 10.379718 0.644110 15.679000 5.190270 0.322081 5.227000 7.925041 0.491786
27.000000 25.989000 4.768608 0.295914 10.792000 3.317490 0.205866 5.567000 8.664790 0.537691 47.466000 10.383673 0.644356 15.555000 4.981947 0.309153 5.192000 8.263863 0.512811
28.000000 25.940000 4.847463 0.300808 10.940000 3.407640 0.211460 5.331000 8.502572 0.527624 47.349000 10.188965 0.632273 15.612000 5.107793 0.316962 4.722000 7.478010 0.464046
29.000000 26.225000 5.169245 0.320776 10.824000 3.265837 0.202660 5.041000 8.263874 0.512812 48.033000 10.347898 0.642136 15.510000 5.045330 0.313086 4.545000 7.563278 0.469337
30.000000 26.171000 5.008877 0.310824 10.694000 3.224090 0.200070 4.900000 8.227253 0.510540 48.469000 10.288581 0.638455 15.454000 5.038181 0.312643 4.447000 7.526609 0.467061
31.000000 26.088000 5.128602 0.318254 10.784000 3.289706 0.204142 4.738000 8.196740 0.508646 47.956000 10.279384 0.637884 15.567000 5.238220 0.325056 4.275000 7.475912 0.463915
32.000000 25.931000 5.236187 0.324930 10.809000 3.357945 0.208376 4.531000 8.042744 0.499090 48.089000 10.632880 0.659820 15.582000 5.108951 0.317034 4.223000 7.536715 0.467688
33.000000 25.962000 5.363891 0.332855 10.713000 3.273430 0.203132 4.299000 7.812210 0.484784 48.122000 10.892280 0.675917 15.698000 4.908859 0.304618 3.988000 7.362477 0.456876
34.000000 26.043000 5.233597 0.324769 10.679000 3.346813 0.207685 4.170000 7.701975 0.477944 47.853000 10.597627 0.657632 15.737000 4.870889 0.302261 3.815000 7.109523 0.441179
35.000000 25.901000 5.281391 0.327735 10.689000 3.269705 0.202901 4.069000 7.654334 0.474987 47.893000 10.830182 0.672064 15.595000 5.226690 0.324341 3.729000 7.158128 0.444195
36.000000 25.915000 5.260175 0.326419 10.590000 3.187171 0.197779 3.997000 7.641032 0.474162 47.964000 11.063594 0.686548 15.531000 5.259154 0.326355 3.531000 6.881889 0.427053
37.000000 25.983000 4.916186 0.305072 10.644000 3.236934 0.200867 3.897000 7.567143 0.469577 48.017000 10.464426 0.649367 15.309000 4.938411 0.306452 3.547000 6.927755 0.429900
38.000000 26.040000 4.959334 0.307750 10.774000 3.301185 0.204854 3.768000 7.487205 0.464616 47.881000 10.350071 0.642270 15.646000 4.900275 0.304085 3.353000 6.800635 0.422011
39.000000 26.216000 4.939204 0.306501 10.652000 3.202366 0.198722 3.650000 7.405697 0.459558 47.884000 10.266837 0.637105 15.545000 4.707455 0.292120 3.321000 6.821913 0.423332
40.000000 26.075000 4.934950 0.306237 10.770000 3.270137 0.202927 3.480000 7.132073 0.442579 48.076000 10.180072 0.631721 15.448000 4.837220 0.300172 3.099000 6.356068 0.394424
41.000000 26.241000 4.759156 0.295328 10.847000 3.345562 0.207608 3.430000 7.107997 0.441085 48.347000 10.301588 0.639262 15.387000 4.885192 0.303149 3.094000 6.465831 0.401235
42.000000 26.153000 4.836422 0.300123 10.778000 3.249196 0.201628 3.447000 7.199655 0.446772 48.342000 10.716337 0.664999 15.457000 4.937462 0.306393 3.068000 6.556093 0.406836
43.000000 26.069000 5.000524 0.310306 10.874000 3.313171 0.205598 3.413000 7.248239 0.449787 47.998000 10.391245 0.644825 15.436000 4.880751 0.302873 3.055000 6.616930 0.410611
44.000000 25.938000 5.035823 0.312496 10.758000 3.406030 0.211360 3.281000 7.042275 0.437006 48.123000 10.175137 0.631415 15.621000 5.142354 0.319107 3.043000 6.597020 0.409376
45.000000 26.011000 5.145226 0.319285 10.806000 3.289861 0.204151 3.150000 6.892678 0.427723 48.008000 10.512395 0.652343 15.527000 5.080067 0.315242 2.887000 6.439075 0.399575
46.000000 26.029000 5.119020 0.317659 10.812000 3.248262 0.201570 3.093000 6.868153 0.426201 47.807000 10.307279 0.639615 15.533000 5.037289 0.312587 2.798000 6.322592 0.392346
47.000000 25.936000 5.175973 0.321193 10.814000 3.187721 0.197813 3.086000 6.927091 0.429858 48.036000 10.700711 0.664029 15.529000 5.011215 0.310969 2.786000 6.335641 0.393156
48.000000 26.018000 5.143942 0.319206 10.985000 3.307827 0.205266 3.070000 6.911503 0.428891 48.055000 10.726837 0.665651 15.604000 5.015210 0.311217 2.700000 6.201327 0.384821
49.000000 26.031000 5.132483 0.318495 10.801000 3.165030 0.196405 3.079000 6.904523 0.428458 48.098000 10.720696 0.665269 15.617000 5.072479 0.314771 2.707000 6.175702 0.383231
50.000000 26.008000 5.072047 0.314744 10.849000 3.275810 0.203279 3.065000 6.790647 0.421391 47.932000 10.983989 0.681608 15.678000 5.055480 0.313716 2.625000 6.083863 0.377532
51.000000 26.104000 4.993007 0.309839 10.809000 3.194797 0.198252 3.073000 6.829225 0.423785 48.189000 10.279053 0.637863 15.776000 5.131487 0.318433 2.655000 6.097471 0.378377
52.000000 26.263000 5.109005 0.317038 10.826000 3.253661 0.201905 3.107000 6.877707 0.426794 48.290000 10.241718 0.635547 15.767000 5.050368 0.313399 2.648000 6.014838 0.373249
53.000000 26.233000 4.913334 0.304895 10.631000 3.289325 0.204118 3.130000 6.880148 0.426945 48.286000 10.597382 0.657617 15.578000 4.864317 0.301854 2.571000 5.820381 0.361182
54.000000 26.201000 4.871173 0.302279 10.765000 3.321868 0.206138 3.169000 6.973311 0.432727 48.170000 10.429471 0.647198 15.511000 4.967349 0.308247 2.791000 6.217232 0.385808
55.000000 26.469000 5.094211 0.316120 10.749000 3.233335 0.200644 3.092000 6.855548 0.425419 48.222000 10.344067 0.641898 15.508000 5.018677 0.311432 2.591000 5.924594 0.367649
56.000000 26.318000 5.182638 0.321607 10.769000 3.309772 0.205387 3.093000 6.877765 0.426798 48.526000 10.366716 0.643303 15.687000 4.996999 0.310087 2.704000 6.288078 0.390205
57.000000 26.359000 5.147292 0.319414 10.694000 3.251605 0.201777 3.164000 7.058252 0.437998 48.459000 10.476644 0.650125 15.520000 4.946723 0.306967 2.766000 6.318953 0.392121
58.000000 26.257000 5.260478 0.326437 10.788000 3.256941 0.202108 3.160000 6.938338 0.430556 48.522000 10.861284 0.673994 15.468000 4.859279 0.301541 2.821000 6.438199 0.399520
59.000000 26.174000 5.280114 0.327656 10.609000 3.288607 0.204073 3.217000 7.038427 0.436767 48.616000 10.855154 0.673613 15.474000 4.773480 0.296217 2.869000 6.504625 0.403642
60.000000 26.016000 5.339124 0.331318 10.681000 3.284513 0.203819 3.259000 7.026756 0.436043 48.599000 10.995048 0.682294 15.588000 4.939297 0.306507 2.789000 6.196037 0.384493
61.000000 26.137000 5.198775 0.322608 10.674000 3.162867 0.196271 3.274000 7.112631 0.441372 48.040000 10.983672 0.681588 15.357000 4.933142 0.306125 2.890000 6.418185 0.398278
62.000000 26.165000 5.109196 0.317050 10.664000 3.217057 0.199633 3.263000 7.125911 0.442196 47.759000 10.470365 0.649735 15.208000 4.852451 0.301117 2.981000 6.666865 0.413710
63.000000 25.977000 5.072889 0.314797 10.650000 3.245926 0.201425 3.294000 7.219812 0.448023 47.923000 10.560521 0.655330 15.278000 4.886983 0.303260 2.863000 6.431142 0.399083
64.000000 25.857000 5.130192 0.318352 10.868000 3.152541 0.195630 3.187000 7.051791 0.437597 47.782000 10.656173 0.661265 15.486000 4.786723 0.297039 2.843000 6.370316 0.395308
65.000000 25.935000 5.179537 0.321415 10.792000 3.089382 0.191711 3.141000 6.975513 0.432863 47.967000 10.746227 0.666854 15.742000 4.836613 0.300135 2.862000 6.482668 0.402280
66.000000 26.045000 5.155342 0.319913 10.845000 3.271954 0.203040 3.093000 6.898691 0.428096 47.961000 10.929910 0.678252 15.626000 4.947990 0.307046 2.788000 6.402034 0.397276
67.000000 26.034000 5.023951 0.311760 10.823000 3.367047 0.208941 3.009000 6.804794 0.422269 47.796000 10.921340 0.677720 15.786000 5.236184 0.324930 2.666000 6.197488 0.384583
68.000000 25.975000 5.130955 0.318400 10.660000 3.283776 0.203774 2.927000 6.694213 0.415407 47.916000 10.580212 0.656552 15.400000 4.965547 0.308135 2.585000 6.074675 0.376962
69.000000 25.940000 5.055488 0.313717 10.758000 3.293977 0.204407 2.931000 6.714412 0.416661 47.673000 10.610403 0.658425 15.463000 5.034081 0.312388 2.588000 6.042745 0.374981
70.000000 25.906000 5.017404 0.311353 10.835000 3.283680 0.203768 2.887000 6.686474 0.414927 47.720000 10.750683 0.667130 15.580000 4.971752 0.308521 2.628000 6.166493 0.382660
71.000000 26.070000 5.168928 0.320756 10.838000 3.230510 0.200468 2.822000 6.535674 0.405569 47.920000 10.751334 0.667171 15.447000 4.892968 0.303632 2.579000 6.093841 0.378151
72.000000 26.169000 5.214176 0.323564 10.788000 3.334693 0.206933 2.824000 6.602774 0.409733 47.947000 10.843605 0.672897 15.576000 5.038413 0.312657 2.567000 6.195958 0.384488
73.000000 26.094000 5.196553 0.322470 10.815000 3.281698 0.203645 2.792000 6.571447 0.407789 47.886000 10.998999 0.682539 15.497000 4.997296 0.310106 2.473000 5.988416 0.371609
74.000000 26.141000 5.271898 0.327146 10.825000 3.338491 0.207169 2.732000 6.488935 0.402669 48.609000 11.132208 0.690806 15.484000 4.944309 0.306818 2.450000 6.029084 0.374133
75.000000 25.935000 5.093792 0.316094 10.793000 3.375136 0.209443 2.629000 6.263912 0.388705 48.226000 10.737608 0.666319 15.626000 5.009513 0.310864 2.364000 5.777100 0.358496
76.000000 26.072000 5.057113 0.313818 10.801000 3.275993 0.203291 2.703000 6.546117 0.406217 47.747000 10.724552 0.665509 15.574000 5.017539 0.311362 2.483000 6.088249 0.377804
77.000000 26.177000 5.005870 0.310638 10.862000 3.267971 0.202793 2.650000 6.439796 0.399620 47.957000 10.971031 0.680804 15.620000 5.094267 0.316123 2.377000 5.842346 0.362545
78.000000 26.239000 5.198741 0.322606 10.836000 3.290278 0.204177 2.670000 6.365031 0.394980 48.035000 11.185029 0.694083 15.879000 5.258708 0.326327 2.314000 5.711569 0.354430
79.000000 26.193000 5.318462 0.330035 10.929000 3.250311 0.201697 2.721000 6.424674 0.398681 48.075000 10.767419 0.668169 15.700000 5.061780 0.314107 2.458000 5.900767 0.366170
80.000000 26.169000 5.120220 0.317734 10.756000 3.305358 0.205113 2.722000 6.398098 0.397032 47.632000 10.468054 0.649592 15.632000 5.173910 0.321065 2.425000 5.795167 0.359617
81.000000 26.162000 4.952200 0.307307 10.815000 3.263959 0.202544 2.736000 6.506661 0.403769 47.944000 10.681056 0.662810 15.298000 5.049028 0.313316 2.434000 5.867885 0.364130
82.000000 26.085000 4.885042 0.303140 10.761000 3.226188 0.200200 2.736000 6.458949 0.400808 48.422000 10.680636 0.662784 15.548000 5.065506 0.314338 2.462000 5.949450 0.369191
83.000000 26.328000 4.930794 0.305979 10.730000 3.285102 0.203856 2.791000 6.541415 0.405925 48.375000 10.608247 0.658291 15.562000 4.877904 0.302697 2.391000 5.671533 0.351945
84.000000 26.231000 4.875388 0.302541 10.681000 3.199606 0.198551 2.855000 6.709172 0.416336 48.419000 10.463122 0.649286 15.581000 4.868793 0.302131 2.538000 6.078610 0.377206
85.000000 26.281000 5.058421 0.313899 10.796000 3.166135 0.196473 2.881000 6.680979 0.414586 48.211000 10.271416 0.637389 15.519000 4.842633 0.300508 2.512000 5.997485 0.372172
86.000000 26.121000 4.973036 0.308600 10.812000 3.276796 0.203341 2.876000 6.606684 0.409976 48.349000 10.495969 0.651324 15.522000 5.014246 0.311157 2.533000 5.963764 0.370079
87.000000 26.059000 4.952782 0.307343 10.872000 3.381871 0.209861 2.901000 6.760540 0.419523 48.127000 10.221906 0.634317 15.474000 4.997629 0.310126 2.548000 5.966347 0.370240
88.000000 26.170000 4.992998 0.309839 10.785000 3.364535 0.208785 2.806000 6.625425 0.411139 48.123000 10.239371 0.635401 15.610000 5.118603 0.317633 2.570000 6.206901 0.385167
89.000000 26.185000 5.045218 0.313079 10.535000 3.211400 0.199282 2.710000 6.439672 0.399612 48.300000 10.759729 0.667692 15.583000 5.144081 0.319214 2.470000 6.017251 0.373399
90.000000 26.119000 4.934490 0.306208 10.811000 3.224232 0.200079 2.778000 6.652140 0.412796 48.345000 10.651828 0.660996 15.485000 4.857507 0.301431 2.460000 6.093565 0.378134
91.000000 26.194000 5.065968 0.314367 11.000000 3.281885 0.203656 2.737000 6.481345 0.402198 48.617000 10.772667 0.668494 15.568000 4.729243 0.293472 2.469000 5.954872 0.369528
92.000000 26.072000 5.065419 0.314333 10.788000 3.302114 0.204912 2.809000 6.617576 0.410652 48.143000 10.685070 0.663059 15.866000 5.020084 0.311520 2.381000 5.708978 0.354269
93.000000 26.046000 4.978420 0.308934 10.688000 3.308716 0.205321 2.735000 6.499309 0.403313 48.160000 10.397332 0.645203 15.647000 4.968408 0.308313 2.377000 5.698539 0.353621
94.000000 26.021000 4.855732 0.301321 10.594000 3.301221 0.204856 2.714000 6.451032 0.400317 47.790000 10.146371 0.629630 15.482000 5.027221 0.311963 2.476000 6.059550 0.376023
95.000000 26.088000 5.048142 0.313261 10.731000 3.313551 0.205621 2.668000 6.352490 0.394202 47.673000 10.130187 0.628626 15.305000 4.922215 0.305447 2.417000 5.932816 0.368159
96.000000 26.193000 5.088383 0.315758 10.733000 3.207803 0.199059 2.605000 6.200276 0.384756 47.995000 10.492334 0.651098 15.344000 4.988843 0.309581 2.325000 5.709814 0.354321
97.000000 26.213000 5.130492 0.318371 10.815000 3.363345 0.208711 2.629000 6.349935 0.394043 47.996000 10.420872 0.646664 15.426000 5.064798 0.314294 2.336000 5.747011 0.356629
98.000000 26.047000 5.090845 0.315911 10.580000 3.305530 0.205124 2.665000 6.383065 0.396099 48.229000 10.679167 0.662692 15.658000 5.090673 0.315900 2.289000 5.655923 0.350977
99.000000 26.199000 5.051427 0.313465 10.880000 3.409578 0.211580 2.653000 6.281246 0.389781 48.052000 10.488818 0.650880 15.483000 5.111344 0.317183 2.354000 5.734943 0.355880
100.000000 26.044000 5.103931 0.316723 10.788000 3.348473 0.207788 2.691000 6.436221 0.399398 47.894000 10.544950 0.654364 15.689000 5.236000 0.324918 2.407000 5.862057 0.363768
101.000000 26.018000 4.911598 0.304788 10.914000 3.348405 0.207784 2.703000 6.457127 0.400695 48.010000 10.557621 0.655150 15.800000 5.187573 0.321913 2.339000 5.743960 0.356440
102.000000 25.968000 4.903776 0.304302 10.650000 3.210577 0.199231 2.797000 6.540686 0.405880 47.993000 10.508919 0.652128 15.670000 5.075713 0.314972 2.426000 5.937658 0.368459
103.000000 26.010000 4.984249 0.309296 10.725000 3.210870 0.199250 2.829000 6.497998 0.403231 47.820000 10.462651 0.649257 15.616000 5.085313 0.315567 2.511000 5.889870 0.365494
104.000000 26.238000 4.943055 0.306740 10.874000 3.268763 0.202842 2.822000 6.475511 0.401836 48.165000 10.463233 0.649293 15.625000 4.921442 0.305399 2.564000 5.955281 0.369553
105.000000 26.031000 5.107066 0.316917 10.873000 3.378503 0.209652 2.870000 6.589881 0.408933 48.210000 10.599257 0.657734 15.538000 4.948641 0.307086 2.501000 5.874394 0.364534
106.000000 26.217000 5.317536 0.329978 10.715000 3.257051 0.202115 2.910000 6.626599 0.411212 48.293000 10.914774 0.677313 15.532000 5.058514 0.313905 2.603000 6.147942 0.381509
107.000000 25.958000 5.202432 0.322835 10.747000 3.180425 0.197360 2.992000 6.826605 0.423623 48.076000 10.891136 0.675846 15.450000 5.007652 0.310748 2.654000 6.166548 0.382663
108.000000 26.107000 5.280856 0.327702 10.724000 3.165097 0.196409 2.984000 6.865193 0.426017 47.836000 11.296137 0.700978 15.642000 4.977812 0.308897 2.690000 6.321856 0.392301
109.000000 26.064000 5.090955 0.315918 10.802000 3.121625 0.193711 3.034000 6.886383 0.427332 47.900000 11.017958 0.683716 15.566000 4.920961 0.305369 2.665000 6.227484 0.386445
110.000000 25.997000 5.075111 0.314934 10.732000 3.251884 0.201795 3.070000 6.999721 0.434365 47.878000 10.721850 0.665341 15.453000 4.908756 0.304611 2.724000 6.302980 0.391129
111.000000 26.091000 5.095752 0.316215 10.771000 3.310516 0.205433 3.006000 6.808107 0.422475 48.185000 10.769436 0.668294 15.712000 4.862170 0.301720 2.668000 6.209697 0.385341
112.000000 26.133000 5.106798 0.316901 10.785000 3.282613 0.203702 2.922000 6.623276 0.411005 48.085000 10.582711 0.656707 15.429000 5.042458 0.312908 2.575000 5.977466 0.370930
113.000000 25.996000 5.051485 0.313468 10.705000 3.298614 0.204694 2.995000 6.763040 0.419678 48.185000 10.516814 0.652618 15.556000 4.883924 0.303070 2.610000 6.068503 0.376579
114.000000 26.028000 5.002423 0.310424 10.810000 3.232700 0.200604 3.079000 6.860016 0.425696 48.105000 10.433160 0.647426 15.582000 5.076716 0.315034 2.732000 6.257102 0.388283
115.000000 25.802000 5.074697 0.314909 10.718000 3.301420 0.204869 3.126000 6.878040 0.426815 47.790000 10.832139 0.672185 15.511000 5.104109 0.316734 2.720000 6.132308 0.380538
116.000000 25.840000 5.086479 0.315640 10.864000 3.306121 0.205160 3.088000 6.753359 0.419078 47.612000 10.318524 0.640313 15.497000 4.922014 0.305434 2.805000 6.337597 0.393278
117.000000 25.988000 5.101753 0.316588 10.822000 3.444733 0.213762 3.197000 6.961369 0.431986 47.246000 10.113544 0.627593 15.659000 5.156482 0.319984 2.776000 6.281184 0.389777
118.000000 26.062000 5.187395 0.321902 10.649000 3.369741 0.209108 3.280000 7.175729 0.445288 47.688000 10.749521 0.667058 15.413000 5.131741 0.318449 2.904000 6.508236 0.403867
